P0: 718.856018066 0.000000000 607.192810059 0.000000000 0.000000000 718.856018066 185.215698242 0.000000000 0.000000000 0.000000000 1.000000000 0.000000000
P1: 718.856018066 0.000000000 607.192810059 -386.144805908 0.000000000 718.856018066 185.215698242 0.000000000 0.000000000 0.000000000 1.000000000 0.000000000
P2: 718.856018066 0.000000000 607.192810059 45.382251740 0.000000000 718.856018066 185.215698242 -0.113088697 0.000000000 0.000000000 1.000000000 0.003779761
P3: 718.856018066 0.000000000 607.192810059 -337.287689209 0.000000000 718.856018066 185.215698242 2.369056940 0.000000000 0.000000000 1.000000000 0.004915215
Tr: 4.276802385584e-04 -9.999672484946e-01 -8.084491683471e-03 -1.198459927713e-02 -7.210626507497e-03 8.081198471645e-03 -9.999413164504e-01 -5.403984729748e-02 9.999738645903e-01 4.859485810390e-04 -7.206933692422e-03 -2.921968648686e-01